  -1.5000000000000000        1.00000000       0.0000000000000000     
  -1.4800000000000000        1.00000000       0.0000000000000000     
  -1.4600000000000000        1.00000000       0.0000000000000000     
  -1.4399999999999999        1.00000000       0.0000000000000000     
  -1.4199999999999999        1.00000000       0.0000000000000000     
  -1.3999999999999999        1.00000000       0.0000000000000000     
  -1.3799999999999999        1.00000000       0.0000000000000000     
  -1.3599999999999999        1.00000000       0.0000000000000000     
  -1.3400000000000001        1.00000000       0.0000000000000000     
  -1.3200000000000001        1.00000000       0.0000000000000000     
  -1.3000000000000000        1.00000000       0.0000000000000000     
  -1.2800000000000000        1.00000000       0.0000000000000000     
  -1.2600000000000000        1.00000000       0.0000000000000000     
  -1.2400000000000000        1.00000000       0.0000000000000000     
  -1.2200000000000000        1.00000000       0.0000000000000000     
  -1.2000000000000000        1.00000000       0.0000000000000000     
  -1.1799999999999999        1.00000000       0.0000000000000000     
  -1.1599999999999999        1.00000000       0.0000000000000000     
  -1.1400000000000001        1.00000000       0.0000000000000000     
  -1.1200000000000001        1.00000000       0.0000000000000000     
  -1.1000000000000001        1.00000000       0.0000000000000000     
  -1.0800000000000001        1.00000000       0.0000000000000000     
  -1.0600000000000001        1.00000000       0.0000000000000000     
  -1.0400000000000000        1.00000000       0.0000000000000000     
  -1.0200000000000000        1.00000000       0.0000000000000000     
  -1.0000000000000000        1.00000000       0.0000000000000000     
 -0.97999999999999998        1.00000000       0.0000000000000000     
 -0.95999999999999996        1.00000000       0.0000000000000000     
 -0.93999999999999995        1.00000000       0.0000000000000000     
 -0.92000000000000004        1.00000000       0.0000000000000000     
 -0.90000000000000002        1.00000000       0.0000000000000000     
 -0.88000000000000000        1.00000000       0.0000000000000000     
 -0.85999999999999999        1.00000000       0.0000000000000000     
 -0.83999999999999997        1.00000000       0.0000000000000000     
 -0.81999999999999995        1.00000000       0.0000000000000000     
 -0.79999999999999993        1.00000000       0.0000000000000000     
 -0.78000000000000003        1.00000000       0.0000000000000000     
 -0.76000000000000001        1.00000000       0.0000000000000000     
 -0.73999999999999999        1.00000000       0.0000000000000000     
 -0.71999999999999997        1.00000000       0.0000000000000000     
 -0.69999999999999996        1.00000000       0.0000000000000000     
 -0.67999999999999994        1.00000000       0.0000000000000000     
 -0.66000000000000003        1.00000000       0.0000000000000000     
 -0.64000000000000001        1.00000000       0.0000000000000000     
 -0.62000000000000000        1.00000000       0.0000000000000000     
 -0.59999999999999998        1.00000000       0.0000000000000000     
 -0.57999999999999996        1.00000000       0.0000000000000000     
 -0.55999999999999994        1.00000000       0.0000000000000000     
 -0.54000000000000004        1.00000000       0.0000000000000000     
 -0.52000000000000002        1.00000000       0.0000000000000000     
 -0.50000000000000000        1.00000000       0.0000000000000000     
 -0.47999999999999998        1.00000000       0.0000000000000000     
 -0.45999999999999996        1.00000000       0.0000000000000000     
 -0.43999999999999995        1.00000000       0.0000000000000000     
 -0.41999999999999993        1.00000000       0.0000000000000000     
 -0.39999999999999991        1.00000000       0.0000000000000000     
 -0.37999999999999989        1.00000000       0.0000000000000000     
 -0.35999999999999988        1.00000000       0.0000000000000000     
 -0.34000000000000008        1.00000000       0.0000000000000000     
 -0.32000000000000006        1.00000000       0.0000000000000000     
 -0.30000000000000004        1.00000000       0.0000000000000000     
 -0.28000000000000003        1.00000000       0.0000000000000000     
 -0.26000000000000001        1.00000000       0.0000000000000000     
 -0.23999999999999999        1.00000000       0.0000000000000000     
 -0.21999999999999997        1.00000000       0.0000000000000000     
 -0.19999999999999996        1.00000000       0.0000000000000000     
 -0.17999999999999994        1.00000000       0.0000000000000000     
 -0.15999999999999992        1.00000000       0.0000000000000000     
 -0.13999999999999990        1.00000000       0.0000000000000000     
 -0.11999999999999988        1.00000000       0.0000000000000000     
  -9.9999999999999867E-002   1.00000000       0.0000000000000000     
  -8.0000000000000071E-002   1.00000000       0.0000000000000000     
  -6.0000000000000053E-002   1.00000000       0.0000000000000000     
  -4.0000000000000036E-002   1.00000000       0.0000000000000000     
  -2.0000000000000018E-002   1.00000000       0.0000000000000000     
   0.0000000000000000        1.00000000       0.0000000000000000     
   2.0000000000000018E-002   1.00000000       0.0000000000000000     
   4.0000000000000036E-002   1.00000000       0.0000000000000000     
   6.0000000000000053E-002   1.00000000       0.0000000000000000     
   8.0000000000000071E-002   1.00000000       0.0000000000000000     
  0.10000000000000009        1.00000000       0.0000000000000000     
  0.12000000000000011        1.00000000       0.0000000000000000     
  0.14000000000000012        1.00000000       0.0000000000000000     
  0.16000000000000014        1.00000000       0.0000000000000000     
  0.17999999999999994        1.00000000       0.0000000000000000     
  0.19999999999999996        1.00000000       0.0000000000000000     
  0.21999999999999997        1.00000000       0.0000000000000000     
  0.23999999999999999        1.00000000       0.0000000000000000     
  0.26000000000000001        1.00000000       0.0000000000000000     
  0.28000000000000003        1.00000000       0.0000000000000000     
  0.30000000000000004        1.00000000       0.0000000000000000     
  0.32000000000000006        1.00000000       0.0000000000000000     
  0.34000000000000008        1.00000000       0.0000000000000000     
  0.36000000000000010        1.00000000       0.0000000000000000     
  0.38000000000000012        1.00000000       0.0000000000000000     
  0.40000000000000013        1.00000000       0.0000000000000000     
  0.41999999999999993        1.00000000       0.0000000000000000     
  0.43999999999999995        1.00000000       0.0000000000000000     
  0.45999999999999996        1.00000000       0.0000000000000000     
  0.47999999999999998        1.00000000       0.0000000000000000     
  0.50000000000000000        1.00000000       0.0000000000000000     
  0.52000000000000002        1.00000000       0.0000000000000000     
  0.54000000000000004        1.00000000       0.0000000000000000     
  0.56000000000000005        1.00000000       0.0000000000000000     
  0.58000000000000007        1.00000000       0.0000000000000000     
  0.60000000000000009        1.00000000       0.0000000000000000     
  0.62000000000000011        1.00000000       0.0000000000000000     
  0.64000000000000012        1.00000000       0.0000000000000000     
  0.66000000000000014        1.00000000       0.0000000000000000     
  0.68000000000000016        1.00000000       0.0000000000000000     
  0.70000000000000018        1.00000000       0.0000000000000000     
  0.72000000000000020        1.00000000       0.0000000000000000     
  0.74000000000000021        1.00000000       0.0000000000000000     
  0.76000000000000023        1.00000000       0.0000000000000000     
  0.78000000000000025        1.00000000       0.0000000000000000     
  0.80000000000000027        1.00000000       0.0000000000000000     
  0.81999999999999984        1.00000000       0.0000000000000000     
  0.83999999999999986        1.00000000       0.0000000000000000     
  0.85999999999999988        1.00000000       0.0000000000000000     
  0.87999999999999989        1.00000000       0.0000000000000000     
  0.89999999999999991        1.00000000       0.0000000000000000     
  0.91999999999999993        1.00000000       0.0000000000000000     
  0.93999999999999995        1.00000000       0.0000000000000000     
  0.95999999999999996        1.00000000       0.0000000000000000     
  0.97999999999999998        1.00000000       0.0000000000000000     
   1.0000000000000000        1.00000000       0.0000000000000000     
   1.0200000000000000        1.00000000       0.0000000000000000     
   1.0400000000000000        1.00000000       0.0000000000000000     
   1.0600000000000001        1.00000000       0.0000000000000000     
   1.0800000000000001        1.00000000       0.0000000000000000     
   1.1000000000000001        1.00000000       0.0000000000000000     
   1.1200000000000001        1.00000000       0.0000000000000000     
   1.1400000000000001        1.00000000       0.0000000000000000     
   1.1600000000000001        1.00000000       0.0000000000000000     
   1.1800000000000002        1.00000000       0.0000000000000000     
   1.2000000000000002        1.00000000       0.0000000000000000     
   1.2200000000000002        1.00000000       0.0000000000000000     
   1.2400000000000002        1.00000000       0.0000000000000000     
   1.2600000000000002        1.00000000       0.0000000000000000     
   1.2800000000000002        1.00000000       0.0000000000000000     
   1.3000000000000003        1.00000000       0.0000000000000000     
   1.3199999999999998        1.00000000       0.0000000000000000     
   1.3399999999999999        1.00000000       0.0000000000000000     
   1.3599999999999999        1.00000000       0.0000000000000000     
   1.3799999999999999        1.00000000       0.0000000000000000     
   1.3999999999999999        1.00000000       0.0000000000000000     
   1.4199999999999999        1.00000000       0.0000000000000000     
   1.4399999999999999        1.00000000       0.0000000000000000     
   1.4600000000000000        1.00000000       0.0000000000000000     
   1.4800000000000000        1.00000000       0.0000000000000000     
   1.5000000000000000        1.00000000       0.0000000000000000     
   1.5200000000000000        1.00000000       0.0000000000000000     
   1.5400000000000000        1.00000000       0.0000000000000000     
   1.5600000000000001        1.00000000       0.0000000000000000     
   1.5800000000000001        1.00000000       0.0000000000000000     
   1.6000000000000001        1.00000000       0.0000000000000000     
   1.6200000000000001        1.00000000       0.0000000000000000     
   1.6400000000000001        1.00000000       0.0000000000000000     
   1.6600000000000001        1.00000000       0.0000000000000000     
   1.6800000000000002        1.00000000       0.0000000000000000     
   1.7000000000000002        1.00000000       0.0000000000000000     
   1.7200000000000002        1.00000000       0.0000000000000000     
   1.7400000000000002        1.00000000       0.0000000000000000     
   1.7600000000000002        1.00000000       0.0000000000000000     
   1.7800000000000002        1.00000000       0.0000000000000000     
   1.8000000000000003        1.00000000       0.0000000000000000     
   1.8200000000000003        1.00000000       0.0000000000000000     
   1.8399999999999999        1.00000000       0.0000000000000000     
   1.8599999999999999        1.00000000       0.0000000000000000     
   1.8799999999999999        1.00000000       0.0000000000000000     
   1.8999999999999999        1.00000000       0.0000000000000000     
   1.9199999999999999        1.00000000       0.0000000000000000     
   1.9399999999999999        1.00000000       0.0000000000000000     
   1.9600000000000000        1.00000000       0.0000000000000000     
   1.9800000000000000        1.00000000       0.0000000000000000     
   2.0000000000000000        1.00000000       0.0000000000000000     
   2.0200000000000000        1.00000000       2.5518883974140861E-002
   2.0400000000000000        1.00000000      0.26369513439945558     
   2.0600000000000001        1.00000000      0.32153793807417486     
   2.0800000000000001        1.00000000      0.23647499149370532     
   2.1000000000000001        1.00000000      0.19904729499829871     
   2.1200000000000001        1.00000000      0.32664171486900301     
   2.1400000000000001        1.00000000      0.40319836679142562     
   2.1600000000000001        1.00000000      0.65328342973800602     
   2.1800000000000002        1.00000000       1.3916298060564816     
   2.2000000000000002        1.00000000       2.0908472269479415     
   2.2200000000000002        1.00000000       2.2456617897243958     
   2.2400000000000002        1.00000000       2.1282749234433478     
   2.2600000000000002        1.00000000       2.5620959510037427     
   2.2800000000000002        1.00000000       2.3885675399795847     
   2.3000000000000003        1.00000000       2.6029261653623679     
   2.3200000000000003        1.00000000       2.2898945219462399     
   2.3399999999999999        1.00000000       2.5774072813882269     
   2.3599999999999999        1.00000000       3.2545083361687643     
   2.3799999999999999        1.00000000       3.0163320857434499     
   2.3999999999999999        1.00000000       3.6440966315073151     
   2.4199999999999999        1.00000000       3.4909833276624700     
   2.4399999999999999        1.00000000       4.0370874447090843     
   2.4600000000000000        1.00000000       3.0452534875808093     
   2.4800000000000000        1.00000000       2.7237155495066347     
   2.5000000000000000        1.00000000       1.7046614494726096     
   2.5200000000000005        1.00000000       1.1058183055461039     
   2.5400000000000000        1.00000000      0.52739026879891115     
   2.5600000000000005        1.00000000      0.39639333106498803     
   2.5800000000000001        1.00000000      0.28240898264715886     
   2.5999999999999996        1.00000000       6.4647839401156842E-002
   2.6200000000000001        1.00000000       0.0000000000000000     
   2.6399999999999997        1.00000000       0.0000000000000000     
   2.6600000000000001        1.00000000       0.0000000000000000     
   2.6799999999999997        1.00000000       0.0000000000000000     
   2.7000000000000002        1.00000000       0.0000000000000000     
   2.7199999999999998        1.00000000       0.0000000000000000     
   2.7400000000000002        1.00000000       0.0000000000000000     
   2.7599999999999998        1.00000000       0.0000000000000000     
   2.7800000000000002        1.00000000       0.0000000000000000     
   2.7999999999999998        1.00000000       0.0000000000000000     
   2.8200000000000003        1.00000000       0.0000000000000000     
   2.8399999999999999        1.00000000       0.0000000000000000     
   2.8600000000000003        1.00000000       0.0000000000000000     
   2.8799999999999999        1.00000000       0.0000000000000000     
   2.9000000000000004        1.00000000       0.0000000000000000     
   2.9199999999999999        1.00000000       0.0000000000000000     
   2.9400000000000004        1.00000000       0.0000000000000000     
   2.9600000000000000        1.00000000       0.0000000000000000     
   2.9800000000000004        1.00000000       0.0000000000000000     
   3.0000000000000000        1.00000000       0.0000000000000000     
